image: map2.pgm
resolution: 0.00506991
origin: [1.01712, 0.0240227, 0.0]
negate: 0
occupied_thresh: 0.65
free_thresh: 0.196 
